4

0
0.000000
0.000000
0.000000
0.000000
0.000000
0.000000
0.000000
0.000000
0.000000
0.000000
0.000000
0.000000
0.000000
0.000000
0.000000
0.000000
0.000000
0.000000
0.000000
0.000000
0.000000
0.000000
0.000000
0.000000
0.000000
0.000000

1
0.646097
0.000000
1.000000
-180.000000
0.000000
45.000000
0.000000
0.000000
0.000000
0.000000
15.588693
0.000000
0.000000
15.327038
0.000000
0.000000
0.000000
0.000000
0.000000
2.103400
0.000000
1.000000
1.000400
0.000000
2.123500
0.000000

2
1.115396
0.000000
0.000000
0.000000
1.000000
89.003087
0.000000
0.000000
0.000000
0.000000
36.634480
0.000000
0.000000
28.006923
0.000000
0.000000
0.000000
1.000000
0.000000
0.000000
0.667044
0.000000
0.000000
1.000000
0.000000
2.000000

3
2.955045
13.102679
14.343693
180.000000
0.000000
119.721710
0.000000
0.000000
-28.827528
-8.142185
36.634480
1.000000
2.000000
18.126923
0.000000
0.000000
3.245300
0.000000
2.000000
0.000000
1.667044
0.000000
2.000000
20.667622
-7.518050
0.000000

4
1.405045
18.101679
12.310693
-180.000000
0.000000
119.721710
0.000000
0.000000
-38.827499
0.000000
1.000000
0.000000
1.000000
0.000000
-30.000000
0.000000
0.000000
20.908333
0.000000
1.000000
0.000000
0.000000
0.000000
20.667622
-7.518050
0.000000

